637787394
613948825
217992700
522323750
420406792
937617131
157312106
434060755
627154030
477297762
348358610
331005099
581006002
303425804
661461581
752734711
343912021
567469564
38295930
556124945
365251725
829632312
503509582
373622283
721808202
66725802
721653848
313844463
333225857
214368935
920022452
570202266
505761357
920116670
653487262
183415454
617677216
958267756
929286423
844919081
452771716
611031568
101447536
528134662
315017657
35696037
288041900
684781913
142287857
397275430
703346023
380477473
42735361
689557911
858210216
860185812
4559063
410880995
116283470
969796205
609662454
259791070
17770664
642578917
890927283
317135950
223942387
416377978
769986888
172361704
775534217
761665492
250868544
852150909
809932537
893305473
468177958
78188385
368956720
14488851
112665702
547864434
237129211
58913375
783142259
418950682
484663809
371521990
725712034
744607108
766059342
54214099
790738378
347978834
408948373
642366908
570929649
128105557
167449603
968268110
546455916
